133   135   137   140   141   140   141   142   124   106    98    89    86    94    97    70
123   137   148   153   150   155   156   151   144   137   119    97    89    98   107    84
 96    98   115   146   157   160   158   150   133   123   111    99    94    97    52    42
 96    91    91   101   116   134   146   142   137   129   121   111   102    58    17    22
 95    89    79    77    78    85   104   122   122   115   108   100    84    16    10    15
 87    99    97    95    95    93    93   101    96    85    78    80    64    15    24    30
 17    32    45    61    69    74    77   121   121    69    60    59    46    35    32    22
 18    17    14    19    29    50    59    83    82    41    23    17    14    13     9     9
 16    17    28    39    47    59    63   101    91    47    25    15    18    19    19    20
 24    41    69    83    85    83    82   129   113    71    63    44    23    19    22    20
 43    60    74    79    80    82    85    89    83    83    82    83    46    14    19    21
 56    64    67    67    77    87    93    88    91    91    90    88    63    25    18    19
 60    61    62    82    97   102   102    94   102   104   100    99    90    38    20    17
 68    56    68    91   103   104    93    91   107   113   104    98    94    50    25    22
 64    55    61    77    89   101   110   112   111   113   110   100    97    70    41    30
 81    76    87    98    98    99    95    97    96    97    94    82    61    33    16    14

133   135   137   140   141   140   141   142   124   106    98    89    86    94    97    70
123   137   148   153   150   155   156   151   144   137   119    97    89    98   107    84
 96    98   115   146   157   160   158   150   133   123   111    99    94    97    52    42
 96    91    91   101   116   134   146   142   137   129   121   111   102    58    17    22
 95    89    79    77    78    85   104   122   122   115   108   100    84    16    10    15
 87    99    97    95    95    93    93   101    96    85    78    80    64    15    24    30
 17    32    45    61    69    74    77   121   121    69    60    59    46    35    32    22
 18    17    14    19    29    50    59    83    82    41    23    17    14    13     9     9
 16    17    28    39    47    59    63   101    91    47    25    15    18    19    19    20
 24    41    69    83    85    83    82   129   113    71    63    44    23    19    22    20
 43    60    74    79    80    82    85    89    83    83    82    83    46    14    19    21
 56    64    67    67    77    87    93    88    91    91    90    88    63    25    18    19
 60    61    62    82    97   102   102    94   102   104   100    99    90    38    20    17
 68    56    68    91   103   104    93    91   107   113   104    98    94    50    25    22
 64    55    61    77    89   101   110   112   111   113   110   100    97    70    41    30
 81    76    87    98    98    99    95    97    96    97    94    82    61    33    16    14

133   135   137   140   141   140   141   142   124   106    98    89    86    94    97    70
123   137   148   153   150   155   156   151   144   137   119    97    89    98   107    84
 96    98   115   146   157   160   158   150   133   123   111    99    94    97    52    42
 96    91    91   101   116   134   146   142   137   129   121   111   102    58    17    22
 95    89    79    77    78    85   104   122   122   115   108   100    84    16    10    15
 87    99    97    95    95    93    93   101    96    85    78    80    64    15    24    30
 17    32    45    61    69    74    77   121   121    69    60    59    46    35    32    22
 18    17    14    19    29    50    59    83    82    41    23    17    14    13     9     9
 16    17    28    39    47    59    63   101    91    47    25    15    18    19    19    20
 24    41    69    83    85    83    82   129   113    71    63    44    23    19    22    20
 43    60    74    79    80    82    85    89    83    83    82    83    46    14    19    21
 56    64    67    67    77    87    93    88    91    91    90    88    63    25    18    19
 60    61    62    82    97   102   102    94   102   104   100    99    90    38    20    17
 68    56    68    91   103   104    93    91   107   113   104    98    94    50    25    22
 64    55    61    77    89   101   110   112   111   113   110   100    97    70    41    30
 81    76    87    98    98    99    95    97    96    97    94    82    61    33    16    14