85    91    88    86    82    81    84    98   175   228   213   166   120   145   127    71
107   127   124   131   151   135   127   125   121   141   161   143   116   102   111    81
120   165   190   161   168   174   170   169   191   189   189   171   155   159    79    58
139   133   156   162   169   189   211   215   201   185   181   183   184   103    37    43
148   187   202   205   208   219   242   249   247   242   221   192   156    42    30    36
126   150   173   201   220   238   251   255   253   248   231   214   165    50    67    73
 34    57    94   147   191   231   249   255   255   249   229   192   144    96    87    57
 35    34    30    35    55   114   190   242   235   150    72    38    30    32    23    22
 26    29    54    89   120   166   222   252   252   209    94    36    43    48    48    46
 36    80   167   217   231   242   249   255   255   247   223   133    50    40    51    47
 83   154   223   242   245   248   248   250   246   239   236   230   120    33    42    44
139   177   197   224   226   216   220   225   210   196   183   178   128    47    32    35
138   149   188   161   144   146   164   195   154   127   132   134   126    56    32    29
108   148   149   110   104   106   149   165   113    84    96    96    89    51    30    30
105   134   146   116    92    80    62    55    52    48    47    52    57    49    35    30
 66    78    55    35    36    36    35    37    38    36    38    39    36    30    22    20

 88    95    94    97    96    95    97   101   123   121    98    75    64    75    72    45
 90   109   117   124   129   128   126   121   111   112   100    76    64    66    70    49
 77    91   113   130   144   152   148   140   135   121   117    91    80    81    46    37
 82    80    84    89   106   130   154   156   144   128   120   105    95    58    26    28
 82    91   101   108   112   118   142   169   165   146   121    99    79    25    18    21
 68    82    94   109   127   144   168   204   194   149   118    97    73    23    30    32
 22    34    46    65    90   118   162   235   243   169   106    79    60    42    39    27
 35    33    30    30    34    48    77   153   154    69    39    32    32    32    23    23
 23    23    30    40    47    60    94   192   188    86    47    35    44    49    48    48
 25    33    54    71    83   111   165   239   221   144   101    60    35    41    54    51
 42    57    81    98   118   143   158   178   150   110    96    91    58    36    46    47
 61    72    83   102   120   125   127   133   117   102    92    87    65    34    32    36
 67    72    89    96    97   103   112   115   105    96    91    87    77    36    26    27
 66    72    84    85    85    90    97    98    89    84    82    78    72    37    24    28
 64    66    75    74    74    78    74    72    70    71    68    63    58    46    33    29
 59    59    60    58    60    60    58    58    58    56    56    50    42    33    22    21

143   145   147   150   151   150   151   152   134   116   108    99    96   104   107    80
133   147   158   163   160   165   166   161   154   147   129   107    99   108   117    94
106   108   125   156   167   170   168   160   143   133   121   109   104   107    62    52
106   101   101   111   126   144   156   152   147   139   131   121   112    68    27    32
105    99    89    87    88    95   114   132   132   125   118   110    94    26    20    25
 97   109   107   105   105   103   103   111   106    95    88    90    74    25    34    40
 27    42    55    71    79    84    87   131   131    79    70    69    56    45    42    32
 28    27    24    29    39    60    69    93    92    51    33    27    24    23    19    19
 26    27    38    49    57    69    73   111   101    57    35    25    28    29    29    30
 34    51    79    93    95    93    92   139   123    81    73    54    33    29    32    30
 53    70    84    89    90    92    95    99    93    93    92    93    56    24    29    31
 66    74    77    77    87    97   103    98   101   101   100    98    73    35    28    29
 70    71    72    92   107   112   112   104   112   114   110   109   100    48    30    27
 78    66    78   101   113   114   103   101   117   123   114   108   104    60    35    32
 74    65    71    87    99   111   120   122   121   123   120   110   107    80    51    40
 91    86    97   108   108   109   105   107   106   107   104    92    71    43    26    24