65    71    68    66    62    61    64    78   155   208   193   146   100   125   107    51
87   107   104   111   131   115   107   105   101   121   141   123    96    82    91    61
100   145   170   141   148   154   150   149   171   169   169   151   135   139    59    38
119   113   136   142   149   169   191   195   181   165   161   163   164    83    17    23
128   167   182   185   188   199   222   229   227   222   201   172   136    22    10    16
106   130   153   181   200   218   231   235   233   228   211   194   145    30    47    53
14    37    74   127   171   211   229   240   241   229   209   172   124    76    67    37
15    14    10    15    35    94   170   222   215   130    52    18    10    12     3     2
 6     9    34    69   100   146   202   232   232   189    74    16    23    28    28    26
16    60   147   197   211   222   229   239   236   227   203   113    30    20    31    27
63   134   203   222   225   228   228   230   226   219   216   210   100    13    22    24
119   157   177   204   206   196   200   205   190   176   163   158   108    27    12    15
118   129   168   141   124   126   144   175   134   107   112   114   106    36    12     9
88   128   129    90    84    86   129   145    93    64    76    76    69    31    10    10
85   114   126    96    72    60    42    35    32    28    27    32    37    29    15    10
46    58    35    15    16    16    15    17    18    16    18    19    16    10     2     0

68    75    74    77    76    75    77    81   103   101    78    55    44    55    52    25
70    89    97   104   109   108   106   101    91    92    80    56    44    46    50    29
57    71    93   110   124   132   128   120   115   101    97    71    60    61    26    17
62    60    64    69    86   110   134   136   124   108   100    85    75    38     6     8
62    71    81    88    92    98   122   149   145   126   101    79    59     5     0     1
48    62    74    89   107   124   148   184   174   129    98    77    53     3    10    12
 2    14    26    45    70    98   142   215   223   149    86    59    40    22    19     7
15    13    10    10    14    28    57   133   134    49    19    12    12    12     3     3
 3     3    10    20    27    40    74   172   168    66    27    15    24    29    28    28
 5    13    34    51    63    91   145   219   201   124    81    40    15    21    34    31
22    37    61    78    98   123   138   158   130    90    76    71    38    16    26    27
41    52    63    82   100   105   107   113    97    82    72    67    45    14    12    16
47    52    69    76    77    83    92    95    85    76    71    67    57    16     6     7
46    52    64    65    65    70    77    78    69    64    62    58    52    17     4     8
44    46    55    54    54    58    54    52    50    51    48    43    38    26    13     9
39    39    40    38    40    40    38    38    38    36    36    30    22    13     2     1

123   125   127   130   131   130   131   132   114    96    88    79    76    84    87    60
113   127   138   143   140   145   146   141   134   127   109    87    79    88    97    74
86    88   105   136   147   150   148   140   123   113   101    89    84    87    42    32
86    81    81    91   106   124   136   132   127   119   111   101    92    48     7    12
85    79    69    67    68    75    94   112   112   105    98    90    74     6     0     5
77    89    87    85    85    83    83    91    86    75    68    70    54     5    14    20
 7    22    35    51    59    64    67   111   111    59    50    49    36    25    22    12
 8     7     4     9    19    40    49    73    72    31    13     7     4     3     0     0
 6     7    18    29    37    49    53    91    81    37    15     5     8     9     9    10
14    31    59    73    75    73    72   119   103    61    53    34    13     9    12    10
33    50    64    69    70    72    75    79    73    73    72    73    36     4     9    11
46    54    57    57    67    77    83    78    81    81    80    78    53    15     8     9
50    51    52    72    87    92    92    84    92    94    90    89    80    28    10     7
58    46    58    81    93    94    83    81    97   103    94    88    84    40    15    12
54    45    51    67    79    91   100   102   101   103   100    90    87    60    31    20
71    66    77    88    88    89    85    87    86    87    84    72    51    23     6     4