78    85    84    87    86    85    87    91   113   111    88    65    54    65    62    35
80    99   107   114   119   118   116   111   101   102    90    66    54    56    60    39
67    81   103   120   134   142   138   130   125   111   107    81    70    71    36    27
72    70    74    79    96   120   144   146   134   118   110    95    85    48    16    18
72    81    91    98   102   108   132   159   155   136   111    89    69    15     8    11
58    72    84    99   117   134   158   194   184   139   108    87    63    13    20    22
12    24    36    55    80   108   152   225   233   159    96    69    50    32    29    17
25    23    20    20    24    38    67   143   144    59    29    22    22    22    13    13
13    13    20    30    37    50    84   182   178    76    37    25    34    39    38    38
15    23    44    61    73   101   155   229   211   134    91    50    25    31    44    41
32    47    71    88   108   133   148   168   140   100    86    81    48    26    36    37
51    62    73    92   110   115   117   123   107    92    82    77    55    24    22    26
57    62    79    86    87    93   102   105    95    86    81    77    67    26    16    17
56    62    74    75    75    80    87    88    79    74    72    68    62    27    14    18
54    56    65    64    64    68    64    62    60    61    58    53    48    36    23    19
49    49    50    48    50    50    48    48    48    46    46    40    32    23    12    11

78    85    84    87    86    85    87    91   113   111    88    65    54    65    62    35
80    99   107   114   119   118   116   111   101   102    90    66    54    56    60    39
67    81   103   120   134   142   138   130   125   111   107    81    70    71    36    27
72    70    74    79    96   120   144   146   134   118   110    95    85    48    16    18
72    81    91    98   102   108   132   159   155   136   111    89    69    15     8    11
58    72    84    99   117   134   158   194   184   139   108    87    63    13    20    22
12    24    36    55    80   108   152   225   233   159    96    69    50    32    29    17
25    23    20    20    24    38    67   143   144    59    29    22    22    22    13    13
13    13    20    30    37    50    84   182   178    76    37    25    34    39    38    38
15    23    44    61    73   101   155   229   211   134    91    50    25    31    44    41
32    47    71    88   108   133   148   168   140   100    86    81    48    26    36    37
51    62    73    92   110   115   117   123   107    92    82    77    55    24    22    26
57    62    79    86    87    93   102   105    95    86    81    77    67    26    16    17
56    62    74    75    75    80    87    88    79    74    72    68    62    27    14    18
54    56    65    64    64    68    64    62    60    61    58    53    48    36    23    19
49    49    50    48    50    50    48    48    48    46    46    40    32    23    12    11

78    85    84    87    86    85    87    91   113   111    88    65    54    65    62    35
80    99   107   114   119   118   116   111   101   102    90    66    54    56    60    39
67    81   103   120   134   142   138   130   125   111   107    81    70    71    36    27
72    70    74    79    96   120   144   146   134   118   110    95    85    48    16    18
72    81    91    98   102   108   132   159   155   136   111    89    69    15     8    11
58    72    84    99   117   134   158   194   184   139   108    87    63    13    20    22
12    24    36    55    80   108   152   225   233   159    96    69    50    32    29    17
25    23    20    20    24    38    67   143   144    59    29    22    22    22    13    13
13    13    20    30    37    50    84   182   178    76    37    25    34    39    38    38
15    23    44    61    73   101   155   229   211   134    91    50    25    31    44    41
32    47    71    88   108   133   148   168   140   100    86    81    48    26    36    37
51    62    73    92   110   115   117   123   107    92    82    77    55    24    22    26
57    62    79    86    87    93   102   105    95    86    81    77    67    26    16    17
56    62    74    75    75    80    87    88    79    74    72    68    62    27    14    18
54    56    65    64    64    68    64    62    60    61    58    53    48    36    23    19
49    49    50    48    50    50    48    48    48    46    46    40    32    23    12    11