45    77    87    91   111   133   133   109    81    68    68    69    69    68    67    48
56    93   112   124   145   163   161   142   124   119   122   124   121   119   113    77
42    76   113   141   157   166   167   164   161   159   157   152   149   148   135    90
26    50    95   146   172   182   191   198   201   195   183   171   165   160   145    99
26    37    71   136   182   203   217   226   229   223   208   193   183   171   153   104
38    51    75   134   188   216   234   242   243   236   220   200   177   151   125    81
35    53    71   107   147   181   213   236   239   222   192   156   122    91    66    40
22    35    43    53    73   115   175   223   229   198   148   101    68    45    30    18
23    32    32    36    61   117   184   228   233   206   164   126    96    66    38    19
28    36    39    66   121   179   219   239   241   231   214   197   176   136    82    37
24    31    46   100   167   206   220   229   233   232   229   226   215   184   133    70
19    28    53   109   157   174   182   196   206   204   199   200   199   185   154    96
16    27    53    96   121   125   130   151   171   164   149   147   156   160   146    97
15    26    46    72    83    81    83   102   122   119   105   104   119   136   131    86
14    23    35    46    49    47    47    55    64    67    67    73    88   106   107    71
 8    14    19    24    25    24    23    24    25    27    30    34    42    54    60    42

25    41    45    44    51    66    78    79    75    73    72    72    71    69    66    46
31    52    59    62    73    91   104   109   111   114   115   113   108   100    90    61
23    41    57    70    84   100   111   121   128   132   129   120   109    96    83    56
14    26    47    73    92   107   122   135   142   137   123   108    95    85    77    54
11    16    33    64    90   111   133   153   157   141   120   105    94    85    76    53
14    19    29    56    83   109   145   179   181   154   124   104    88    74    62    41
14    22    30    45    63    89   135   181   181   140   100    76    58    45    36    22
16    24    28    32    37    55   100   153   153   104    63    43    32    25    21    15
25    33    32    30    35    53   100   156   161   110    65    45    35    26    20    13
30    38    34    37    53    79   121   171   181   142   100    75    59    44    29    16
26    33    33    47    69    88   112   144   159   144   121   101    82    64    47    27
19    25    33    54    74    84    95   112   123   121   113   103    89    74    60    38
14    20    33    57    73    79    86    94   102   101    96    90    84    75    64    43
13    20    34    54    66    70    74    79    84    84    80    76    75    70    62    43
13    21    32    45    53    58    60    62    64    66    66    64    63    61    57    41
 8    14    20    27    33    37    38    39    40    40    41    41    41    40    39    29

47    70    71    68    70    78    88    98   106   109   109   108   108   105   102    74
58    87    93    93    98   111   125   137   147   152   152   150   146   137   127    91
38    62    82    95   103   115   127   137   147   152   151   145   134   119   108    78
19    33    59    88   105   115   124   132   137   136   128   117   106    97    94    71
14    19    38    73    96   104   111   118   119   111   101    93    88    88    91    70
18    22    32    57    76    83    92   104   106    95    87    84    82    80    78    56
16    23    29    41    51    58    73    96    99    83    72    66    58    51    44    29
12    17    20    23    27    36    56    84    88    71    56    45    34    26    21    14
13    17    18    19    24    36    58    86    92    75    61    53    44    34    25    15
15    20    21    30    45    58    74    95   101    86    76    74    69    58    42    23
15    19    25    45    68    79    84    91    94    89    83    80    76    69    56    35
14    21    34    62    84    91    92    91    91    91    89    82    74    68    61    42
15    25    45    76    94    99   101    99    95    96    97    92    80    68    62    46
18    33    56    85    99   105   108   105   100   100   101    96    83    68    61    47
20    35    57    81    95   103   107   106   104   102   100    94    84    71    65    50
12    21    35    52    65    73    76    76    76    75    74    71    67    59    55    41