145   177   187   191   211   233   233   209   181   168   168   169   169   168   167   148
156   193   212   224   245   255   255   242   224   219   222   224   221   219   213   177
142   176   213   241   255   255   255   255   255   255   255   252   249   248   235   190
126   150   195   246   255   255   255   255   255   255   255   255   255   255   245   199
126   137   171   236   255   255   255   255   255   255   255   255   255   255   253   204
138   151   175   234   255   255   255   255   255   255   255   255   255   251   225   181
135   153   171   207   247   255   255   255   255   255   255   255   222   191   166   140
122   135   143   153   173   215   255   255   255   255   248   201   168   145   130   118
123   132   132   136   161   217   255   255   255   255   255   226   196   166   138   119
128   136   139   166   221   255   255   255   255   255   255   255   255   236   182   137
124   131   146   200   255   255   255   255   255   255   255   255   255   255   233   170
119   128   153   209   255   255   255   255   255   255   255   255   255   255   254   196
116   127   153   196   221   225   230   251   255   255   249   247   255   255   246   197
115   126   146   172   183   181   183   202   222   219   205   204   219   236   231   186
114   123   135   146   149   147   147   155   164   167   167   173   188   206   207   171
108   114   119   124   125   124   123   124   125   127   130   134   142   154   160   142

125   141   145   144   151   166   178   179   175   173   172   172   171   169   166   146
131   152   159   162   173   191   204   209   211   214   215   213   208   200   190   161
123   141   157   170   184   200   211   221   228   232   229   220   209   196   183   156
114   126   147   173   192   207   222   235   242   237   223   208   195   185   177   154
111   116   133   164   190   211   233   253   255   241   220   205   194   185   176   153
114   119   129   156   183   209   245   255   255   254   224   204   188   174   162   141
114   122   130   145   163   189   235   255   255   240   200   176   158   145   136   122
116   124   128   132   137   155   200   253   253   204   163   143   132   125   121   115
125   133   132   130   135   153   200   255   255   210   165   145   135   126   120   113
130   138   134   137   153   179   221   255   255   242   200   175   159   144   129   116
126   133   133   147   169   188   212   244   255   244   221   201   182   164   147   127
119   125   133   154   174   184   195   212   223   221   213   203   189   174   160   138
114   120   133   157   173   179   186   194   202   201   196   190   184   175   164   143
113   120   134   154   166   170   174   179   184   184   180   176   175   170   162   143
113   121   132   145   153   158   160   162   164   166   166   164   163   161   157   141
108   114   120   127   133   137   138   139   140   140   141   141   141   140   139   129


147   170   171   168   170   178   188   198   206   209   209   208   208   205   202   174
158   187   193   193   198   211   225   237   247   252   252   250   246   237   227   191
138   162   182   195   203   215   227   237   247   252   251   245   234   219   208   178
119   133   159   188   205   215   224   232   237   236   228   217   206   197   194   171
114   119   138   173   196   204   211   218   219   211   201   193   188   188   191   170
118   122   132   157   176   183   192   204   206   195   187   184   182   180   178   156
116   123   129   141   151   158   173   196   199   183   172   166   158   151   144   129
112   117   120   123   127   136   156   184   188   171   156   145   134   126   121   114
113   117   118   119   124   136   158   186   192   175   161   153   144   134   125   115
115   120   121   130   145   158   174   195   201   186   176   174   169   158   142   123
115   119   125   145   168   179   184   191   194   189   183   180   176   169   156   135
114   121   134   162   184   191   192   191   191   191   189   182   174   168   161   142
115   125   145   176   194   199   201   199   195   196   197   192   180   168   162   146
118   133   156   185   199   205   208   205   200   200   201   196   183   168   161   147
120   135   157   181   195   203   207   206   204   202   200   194   184   171   165   150
112   121   135   152   165   173   176   176   176   175   174   171   167   159   155   141