75    81    78    76    72    71    74    88   165   218   203   156   110   135   117    61
97   117   114   121   141   125   117   115   111   131   151   133   106    92   101    71
110   155   180   151   158   164   160   159   181   179   179   161   145   149    69    48
129   123   146   152   159   179   201   205   191   175   171   173   174    93    27    33
138   177   192   195   198   209   232   239   237   232   211   182   146    32    20    26
116   140   163   191   210   228   241   245   243   238   221   204   155    40    57    63
24    47    84   137   181   221   239   250   251   239   219   182   134    86    77    47
25    24    20    25    45   104   180   232   225   140    62    28    20    22    13    12
16    19    44    79   110   156   212   242   242   199    84    26    33    38    38    36
26    70   157   207   221   232   239   249   246   237   213   123    40    30    41    37
73   144   213   232   235   238   238   240   236   229   226   220   110    23    32    34
129   167   187   214   216   206   210   215   200   186   173   168   118    37    22    25
128   139   178   151   134   136   154   185   144   117   122   124   116    46    22    19
98   138   139   100    94    96   139   155   103    74    86    86    79    41    20    20
95   124   136   106    82    70    52    45    42    38    37    42    47    39    25    20
56    68    45    25    26    26    25    27    28    26    28    29    26    20    12    10

78    85    84    87    86    85    87    91   113   111    88    65    54    65    62    35
80    99   107   114   119   118   116   111   101   102    90    66    54    56    60    39
67    81   103   120   134   142   138   130   125   111   107    81    70    71    36    27
72    70    74    79    96   120   144   146   134   118   110    95    85    48    16    18
72    81    91    98   102   108   132   159   155   136   111    89    69    15     8    11
58    72    84    99   117   134   158   194   184   139   108    87    63    13    20    22
12    24    36    55    80   108   152   225   233   159    96    69    50    32    29    17
25    23    20    20    24    38    67   143   144    59    29    22    22    22    13    13
13    13    20    30    37    50    84   182   178    76    37    25    34    39    38    38
15    23    44    61    73   101   155   229   211   134    91    50    25    31    44    41
32    47    71    88   108   133   148   168   140   100    86    81    48    26    36    37
51    62    73    92   110   115   117   123   107    92    82    77    55    24    22    26
57    62    79    86    87    93   102   105    95    86    81    77    67    26    16    17
56    62    74    75    75    80    87    88    79    74    72    68    62    27    14    18
54    56    65    64    64    68    64    62    60    61    58    53    48    36    23    19
49    49    50    48    50    50    48    48    48    46    46    40    32    23    12    11

133   135   137   140   141   140   141   142   124   106    98    89    86    94    97    70
123   137   148   153   150   155   156   151   144   137   119    97    89    98   107    84
96    98   115   146   157   160   158   150   133   123   111    99    94    97    52    42
96    91    91   101   116   134   146   142   137   129   121   111   102    58    17    22
95    89    79    77    78    85   104   122   122   115   108   100    84    16    10    15
87    99    97    95    95    93    93   101    96    85    78    80    64    15    24    30
17    32    45    61    69    74    77   121   121    69    60    59    46    35    32    22
18    17    14    19    29    50    59    83    82    41    23    17    14    13     9     9
16    17    28    39    47    59    63   101    91    47    25    15    18    19    19    20
24    41    69    83    85    83    82   129   113    71    63    44    23    19    22    20
43    60    74    79    80    82    85    89    83    83    82    83    46    14    19    21
56    64    67    67    77    87    93    88    91    91    90    88    63    25    18    19
60    61    62    82    97   102   102    94   102   104   100    99    90    38    20    17
68    56    68    91   103   104    93    91   107   113   104    98    94    50    25    22
64    55    61    77    89   101   110   112   111   113   110   100    97    70    41    30
81    76    87    98    98    99    95    97    96    97    94    82    61    33    16    14