75    81    78    76    72    71    74    88   165   218   203   156   110   135   117    61
97   117   114   121   141   125   117   115   111   131   151   133   106    92   101    71
110   155   180   151   158   164   160   159   181   179   179   161   145   149    69    48
129   123   146   152   159   179   201   205   191   175   171   173   174    93    27    33
138   177   192   195   198   209   232   239   237   232   211   182   146    32    20    26
116   140   163   191   210   228   241   245   243   238   221   204   155    40    57    63
24    47    84   137   181   221   239   250   251   239   219   182   134    86    77    47
25    24    20    25    45   104   180   232   225   140    62    28    20    22    13    12
16    19    44    79   110   156   212   242   242   199    84    26    33    38    38    36
26    70   157   207   221   232   239   249   246   237   213   123    40    30    41    37
73   144   213   232   235   238   238   240   236   229   226   220   110    23    32    34
129   167   187   214   216   206   210   215   200   186   173   168   118    37    22    25
128   139   178   151   134   136   154   185   144   117   122   124   116    46    22    19
98   138   139   100    94    96   139   155   103    74    86    86    79    41    20    20
95   124   136   106    82    70    52    45    42    38    37    42    47    39    25    20
56    68    45    25    26    26    25    27    28    26    28    29    26    20    12    10

75    81    78    76    72    71    74    88   165   218   203   156   110   135   117    61
97   117   114   121   141   125   117   115   111   131   151   133   106    92   101    71
110   155   180   151   158   164   160   159   181   179   179   161   145   149    69    48
129   123   146   152   159   179   201   205   191   175   171   173   174    93    27    33
138   177   192   195   198   209   232   239   237   232   211   182   146    32    20    26
116   140   163   191   210   228   241   245   243   238   221   204   155    40    57    63
24    47    84   137   181   221   239   250   251   239   219   182   134    86    77    47
25    24    20    25    45   104   180   232   225   140    62    28    20    22    13    12
16    19    44    79   110   156   212   242   242   199    84    26    33    38    38    36
26    70   157   207   221   232   239   249   246   237   213   123    40    30    41    37
73   144   213   232   235   238   238   240   236   229   226   220   110    23    32    34
129   167   187   214   216   206   210   215   200   186   173   168   118    37    22    25
128   139   178   151   134   136   154   185   144   117   122   124   116    46    22    19
98   138   139   100    94    96   139   155   103    74    86    86    79    41    20    20
95   124   136   106    82    70    52    45    42    38    37    42    47    39    25    20
56    68    45    25    26    26    25    27    28    26    28    29    26    20    12    10

75    81    78    76    72    71    74    88   165   218   203   156   110   135   117    61
97   117   114   121   141   125   117   115   111   131   151   133   106    92   101    71
110   155   180   151   158   164   160   159   181   179   179   161   145   149    69    48
129   123   146   152   159   179   201   205   191   175   171   173   174    93    27    33
138   177   192   195   198   209   232   239   237   232   211   182   146    32    20    26
116   140   163   191   210   228   241   245   243   238   221   204   155    40    57    63
24    47    84   137   181   221   239   250   251   239   219   182   134    86    77    47
25    24    20    25    45   104   180   232   225   140    62    28    20    22    13    12
16    19    44    79   110   156   212   242   242   199    84    26    33    38    38    36
26    70   157   207   221   232   239   249   246   237   213   123    40    30    41    37
73   144   213   232   235   238   238   240   236   229   226   220   110    23    32    34
129   167   187   214   216   206   210   215   200   186   173   168   118    37    22    25
128   139   178   151   134   136   154   185   144   117   122   124   116    46    22    19
98   138   139   100    94    96   139   155   103    74    86    86    79    41    20    20
95   124   136   106    82    70    52    45    42    38    37    42    47    39    25    20
56    68    45    25    26    26    25    27    28    26    28    29    26    20    12    10