175   181   178   176   172   171   174   188   255   255   255   255   210   235   217   161
197   217   214   221   241   225   217   215   211   231   251   233   206   192   201   171
210   255   255   251   255   255   255   255   255   255   255   255   245   249   169   148
229   223   246   252   255   255   255   255   255   255   255   255   255   193   127   133
238   255   255   255   255   255   255   255   255   255   255   255   246   132   120   126
216   240   255   255   255   255   255   255   255   255   255   255   255   140   157   163
124   147   184   237   255   255   255   255   255   255   255   255   234   186   177   147
125   124   120   125   145   204   255   255   255   240   162   128   120   122   113   112
116   119   144   179   210   255   255   255   255   255   184   126   133   138   138   136
126   170   255   255   255   255   255   255   255   255   255   223   140   130   141   137
173   244   255   255   255   255   255   255   255   255   255   255   210   123   132   134
229   255   255   255   255   255   255   255   255   255   255   255   218   137   122   125
228   239   255   251   234   236   254   255   244   217   222   224   216   146   122   119
198   238   239   200   194   196   239   255   203   174   186   186   179   141   120   120
195   224   236   206   182   170   152   145   142   138   137   142   147   139   125   120
156   168   145   125   126   126   125   127   128   126   128   129   126   120   112   110

 78    85    84    87    86    85    87    91   113   111    88    65    54    65    62    35
 80    99   107   114   119   118   116   111   101   102    90    66    54    56    60    39
 67    81   103   120   134   142   138   130   125   111   107    81    70    71    36    27
 72    70    74    79    96   120   144   146   134   118   110    95    85    48    16    18
 72    81    91    98   102   108   132   159   155   136   111    89    69    15     8    11
 58    72    84    99   117   134   158   194   184   139   108    87    63    13    20    22
 12    24    36    55    80   108   152   225   233   159    96    69    50    32    29    17
 25    23    20    20    24    38    67   143   144    59    29    22    22    22    13    13
 13    13    20    30    37    50    84   182   178    76    37    25    34    39    38    38
 15    23    44    61    73   101   155   229   211   134    91    50    25    31    44    41
 32    47    71    88   108   133   148   168   140   100    86    81    48    26    36    37
 51    62    73    92   110   115   117   123   107    92    82    77    55    24    22    26
 57    62    79    86    87    93   102   105    95    86    81    77    67    26    16    17
 56    62    74    75    75    80    87    88    79    74    72    68    62    27    14    18
 54    56    65    64    64    68    64    62    60    61    58    53    48    36    23    19
 49    49    50    48    50    50    48    48    48    46    46    40    32    23    12    11

133   135   137   140   141   140   141   142   124   106    98    89    86    94    97    70
123   137   148   153   150   155   156   151   144   137   119    97    89    98   107    84
 96    98   115   146   157   160   158   150   133   123   111    99    94    97    52    42
 96    91    91   101   116   134   146   142   137   129   121   111   102    58    17    22
 95    89    79    77    78    85   104   122   122   115   108   100    84    16    10    15
 87    99    97    95    95    93    93   101    96    85    78    80    64    15    24    30
 17    32    45    61    69    74    77   121   121    69    60    59    46    35    32    22
 18    17    14    19    29    50    59    83    82    41    23    17    14    13     9     9
 16    17    28    39    47    59    63   101    91    47    25    15    18    19    19    20
 24    41    69    83    85    83    82   129   113    71    63    44    23    19    22    20
 43    60    74    79    80    82    85    89    83    83    82    83    46    14    19    21
 56    64    67    67    77    87    93    88    91    91    90    88    63    25    18    19
 60    61    62    82    97   102   102    94   102   104   100    99    90    38    20    17
 68    56    68    91   103   104    93    91   107   113   104    98    94    50    25    22
 64    55    61    77    89   101   110   112   111   113   110   100    97    70    41    30
 81    76    87    98    98    99    95    97    96    97    94    82    61    33    16    14