115   123   121   123   121   120   123   131   175   191   166   128   101   121   112    64
123   148   155   164   175   169   165   159   149   156   151   121   100    98   106    74
113   142   172   179   195   204   199   191   192   179   174   144   129   131    65    48
124   119   131   140   158   188   217   220   204   184   175   162   153    84    26    31
128   149   160   167   171   181   212   239   235   217   189   159   126    27    16    22
107   129   147   169   190   210   234   255   255   216   185   162   121    29    42    47
 22    43    69   108   146   184   225   255   255   229   171   136   100    65    59    36
 32    30    26    29    42    80   133   217   215   108    51    31    27    28    17    16
 19    21    38    61    81   111   160   254   249   146    66    32    43    49    48    47
 26    53   109   144   159   185   229   255   255   210   166    95    39    39    54    50
 61   104   152   174   191   211   223   240   216   183   170   164    89    32    44    46
101   125   142   168   184   186   190   196   178   161   148   142   101    38    29    33
105   114   142   141   138   144   158   171   149   132   129   127   114    45    25    24
 94   112   124   114   114   119   139   146   121   107   109   105    96    46    23    26
 91   102   115   105    98    99    90    87    84    83    80    76    74    56    35    28
 75    79    73    65    67    67    65    66    66    64    64    58    46    32    17    15

102   109   108   110   108   107   109   117   156   170   148   114    90   107   100    57
109   132   138   146   156   151   147   142   132   139   134   108    89    87    94    66
100   126   153   160   173   182   177   170   171   159   155   128   114   117    58    42
111   106   117   124   141   167   193   196   182   164   155   144   136    75    23    28
114   132   143   148   152   161   189   213   210   194   168   141   112    24    14    19
 95   115   131   151   170   187   208   236   227   193   164   144   108    25    38    42
 19    38    62    96   130   164   201   255   255   204   152   121    89    58    52    32
 29    27    23    26    37    71   119   193   191    96    45    28    24    25    15    15
 17    18    34    55    72    99   142   226   222   129    59    29    38    43    43    42
 23    47    97   128   141   164   204   255   250   187   147    85    35    35    48    44
 55    93   135   155   170   188   199   214   192   162   152   146    79    28    39    41
 89   112   127   149   164   165   169   174   158   143   132   126    89    34    26    30
 94   101   127   125   123   128   141   152   133   117   115   113   102    40    22    21
 84   100   111   102   102   106   124   130   108    96    97    93    86    41    21    23
 81    91   102    94    87    88    81    77    74    74    71    68    66    50    31    25
 67    70    65    58    60    60    58    59    59    57    57    51    41    28    15    13

 79    85    84    85    84    83    85    91   121   132   115    89    70    84    78    44
 85   103   108   114   122   117   114   110   103   108   105    84    69    68    74    51
 78    98   119   124   135   141   138   132   133   124   120   100    89    91    45    33
 86    83    91    97   110   130   151   152   141   128   121   112   106    59    18    21
 88   103   111   115   119   126   147   166   163   151   131   110    88    19    11    15
 74    89   102   117   132   146   162   183   177   150   128   112    84    20    29    33
 15    30    48    75   101   127   156   204   209   159   119    94    69    45    41    25
 23    21    18    20    29    55    92   150   149    75    35    22    19    19    12    11
 13    14    26    43    56    77   111   176   173   101    46    22    29    34    33    33
 18    37    75   100   110   128   159   207   194   145   115    66    27    27    38    35
 43    72   106   120   132   147   155   167   150   127   118   114    62    22    30    32
 70    87    99   116   128   129   132   136   123   112   103    98    70    26    20    23
 73    79    99    98    96   100   110   119   103    91    90    88    79    31    17    16
 65    78    86    79    79    82    96   101    84    74    75    73    67    32    16    18
 63    71    80    73    68    69    63    60    58    58    55    53    51    39    24    20
 52    55    50    45    47    47    45    46    46    44    44    40    32    22    12    10