69   102    63    57    56    54    39    60   155   239   233   158   106   142   154    72
135   227   184   180   181   164   136   149   192   255   255   225   194   184   201   104
118   230   190   167   167   179   161   140   138   142   152   164   164   150    89    33
147   235   190   177   165   195   225   239   222   206   198   224   202    78     1     0
172   255   242   231   223   240   255   255   255   248   233   235   146     0     0     0
134   229   239   255   255   255   255   255   255   255   255   255   208    54    51    75
  5    44    50    99   152   209   255   255   255   255   220   199   136    76    77    60
  0     0     0     0     0    37   168   255   253   123     0     0     0     0    21    13
  0     0     0     0    19    86   193   255   255   162     0     0     0     0    16    23
  0    79   192   255   255   255   255   255   255   255   255   147    29     1    52    55
 72   224   255   255   255   255   255   255   255   255   255   255   130     0    17    37
141   255   255   255   252   225   246   255   230   207   245   255   160    21     0    20
135   232   207   159   111   129   193   235   169   103   127   172   135    31     0     9
116   241   187   120    66    70   140   161    90    32    57   104    96    42    14    15
120   214   175   110    57    53    57    55    30    10    21    51    58    40    26    18
 58   106    56    17     0     0     0     0     0     0     0    13    19    14    11     7

 89   126    99    94    88    83    81    90   118   124    95    56    47    75    87    43
119   193   181   193   197   190   177   170   165   170   140    97    86   102   115    60
 71   125   110   134   156   171   166   148   127   114   105    87    78    77    54    23
 69   104    68    75    91   118   151   164   148   130   118   116    94    40     6     0
 89   133   102   100    96   101   141   186   178   138   108   107    66     0     0     0
 61   107   105   128   146   160   220   255   255   207   133   113    65     3     4    20
  9    33    26    46    70    86   173   255   255   171    63    56    38    16    19    14
  0     0     0     0     0     0    31   193   199    35     0     0     0    14    24    14
  0     0     0     0     0     0    55   232   226    46     0     0     0    20    54    42
  0    19    35    61    75    97   212   255   255   162    73    46    21    33    78    62
 28    65    84   116   142   163   213   255   218   127    95    90    40    11    48    47
 54    96    94   120   134   129   136   136   105    70    80    98    61    11    20    27
 61    99    90    98    93    94   108   112    98    81    88   102    73    12     2     9
 60   100    83    84    76    80    93    95    84    77    82    94    78    28    12    14
 74   112    95    93    87    90    90    85    81    81    81    84    72    45    30    20
 50    70    51    48    46    45    42    39    40    41    43    41    34    22    15    10

158   211   170   167   161   156   162   163   145   125   110    91    94   123   153    94
188   255   251   255   255   255   255   249   228   206   175   146   153   178   207   128
105   162   126   169   194   201   202   187   162   146   129   118   118   112    89    43
 91   123    62    81   110   138   163   165   158   145   137   141   118    41     0     0
127   162    89    72    68    73   100   129   132   121   123   136    90     0     0     0
102   149   112   104    96    80    92   125   125    94    83   109    73     8    13    32
 20    54    44    56    68    58    75   134   130    52    30    54    40    23    31    28
  0     0     0     0     0     0    40   101    98    14     0     0     0     1    14    10
  0     5     5    17    29    25    59   122   110    19     0     0     0     0    16    16
 17    58    84   104   103    82   100   157   144    73    54    43    14     4    28    27
 48    95    97   103    97    85    95   110   106    92    97   101    44     0    12    22
 62    94    67    67    78    86    85    81    85    91   109   122    75     9     2    13
 67    92    58    86   110   114   100    90   102   113   115   128   101    26     0     5
 64    75    48    88   118   123   106   102   123   137   132   145   133    71    31    20
 98   129   105   139   162   168   170   171   179   186   178   172   152    98    54    31
 87   106    89   107   113   114   113   113   114   115   109   101    78    40    19    11