133   135   137   140   141   140   141   142   165   218   203   156   110   135   117    70
123   137   148   153   150   155   156   151   144   137   151   133   106    98   107    84
110   155   180   151   158   164   160   159   181   179   179   161   145   149    69    48
129   123   146   152   159   179   201   205   191   175   171   173   174    93    27    33
138   177   192   195   198   209   232   239   237   232   211   182   146    32    20    26
116   140   163   191   210   228   241   245   243   238   221   204   155    40    57    63
 24    47    84   137   181   221   239   250   251   239   219   182   134    86    77    47
 25    24    20    25    45   104   180   232   225   140    62    28    22    22    13    13
 16    19    44    79   110   156   212   242   242   199    84    26    34    39    38    38
 26    70   157   207   221   232   239   249   246   237   213   123    40    31    44    41
 73   144   213   232   235   238   238   240   236   229   226   220   110    26    36    37
129   167   187   214   216   206   210   215   200   186   173   168   118    37    22    26
128   139   178   151   134   136   154   185   144   117   122   124   116    46    22    19
 98   138   139   100   103   104   139   155   107   113   104    98    94    50    25    22
 95   124   136   106    89   101   110   112   111   113   110   100    97    70    41    30
 81    76    87    98    98    99    95    97    96    97    94    82    61    33    16    14

133   135   137   140   141   140   141   142   165   218   203   156   110   135   117    70
123   137   148   153   150   155   156   151   144   137   151   133   106    98   107    84
110   155   180   151   158   164   160   159   181   179   179   161   145   149    69    48
129   123   146   152   159   179   201   205   191   175   171   173   174    93    27    33
138   177   192   195   198   209   232   239   237   232   211   182   146    32    20    26
116   140   163   191   210   228   241   245   243   238   221   204   155    40    57    63
 24    47    84   137   181   221   239   250   251   239   219   182   134    86    77    47
 25    24    20    25    45   104   180   232   225   140    62    28    22    22    13    13
 16    19    44    79   110   156   212   242   242   199    84    26    34    39    38    38
 26    70   157   207   221   232   239   249   246   237   213   123    40    31    44    41
 73   144   213   232   235   238   238   240   236   229   226   220   110    26    36    37
129   167   187   214   216   206   210   215   200   186   173   168   118    37    22    26
128   139   178   151   134   136   154   185   144   117   122   124   116    46    22    19
 98   138   139   100   103   104   139   155   107   113   104    98    94    50    25    22
 95   124   136   106    89   101   110   112   111   113   110   100    97    70    41    30
 81    76    87    98    98    99    95    97    96    97    94    82    61    33    16    14

133   135   137   140   141   140   141   142   165   218   203   156   110   135   117    70
123   137   148   153   150   155   156   151   144   137   151   133   106    98   107    84
110   155   180   151   158   164   160   159   181   179   179   161   145   149    69    48
129   123   146   152   159   179   201   205   191   175   171   173   174    93    27    33
138   177   192   195   198   209   232   239   237   232   211   182   146    32    20    26
116   140   163   191   210   228   241   245   243   238   221   204   155    40    57    63
 24    47    84   137   181   221   239   250   251   239   219   182   134    86    77    47
 25    24    20    25    45   104   180   232   225   140    62    28    22    22    13    13
 16    19    44    79   110   156   212   242   242   199    84    26    34    39    38    38
 26    70   157   207   221   232   239   249   246   237   213   123    40    31    44    41
 73   144   213   232   235   238   238   240   236   229   226   220   110    26    36    37
129   167   187   214   216   206   210   215   200   186   173   168   118    37    22    26
128   139   178   151   134   136   154   185   144   117   122   124   116    46    22    19
 98   138   139   100   103   104   139   155   107   113   104    98    94    50    25    22
 95   124   136   106    89   101   110   112   111   113   110   100    97    70    41    30
 81    76    87    98    98    99    95    97    96    97    94    82    61    33    16    14