142   160   154   142   134   130   127   125   124   123   124   125   124   119   114   108
171   207   206   188   173   167   167   164   155   147   147   149   146   135   123   114
186   231   236   219   204   205   219   222   202   183   181   183   172   146   126   115
197   246   255   255   247   249   255   255   251   230   225   221   196   153   127   116
196   254   255   255   255   255   255   255   255   255   255   255   209   153   128   119
170   233   255   255   255   255   255   255   255   255   255   255   200   146   131   124
137   182   236   255   255   255   255   255   255   255   255   221   166   139   136   128
119   138   166   196   226   255   255   255   255   255   217   161   136   132   132   123
118   130   145   168   201   248   255   255   255   255   215   173   153   143   135   122
140   166   191   222   255   255   255   255   255   255   255   247   207   171   153   135
181   225   251   255   255   255   255   255   255   255   255   255   234   175   151   138
204   253   255   255   255   255   255   255   255   255   255   255   236   171   137   126
199   245   255   255   255   255   255   255   255   255   255   255   246   195   150   126
190   235   248   249   252   255   255   255   255   255   255   255   241   213   176   142
177   213   219   221   224   222   219   224   242   255   255   245   224   212   193   156
148   167   168   169   169   168   168   181   209   233   233   211   191   187   177   145

129   139   140   141   141   141   140   140   139   138   137   133   127   120   114   108
141   157   161   163   164   166   166   164   162   160   158   153   145   132   121   113
143   162   170   175   176   180   184   184   179   174   170   166   154   134   120   113
143   164   175   184   190   196   201   202   194   186   179   173   157   133   120   114
138   160   174   189   203   213   221   223   212   195   184   174   154   133   125   119
127   147   164   182   201   221   244   255   244   212   188   169   147   133   133   126
116   129   144   159   175   200   242   255   255   221   179   153   137   134   138   130
113   120   126   135   145   165   210   255   255   200   153   135   130   132   133   125
115   121   125   132   143   163   204   253   253   200   155   137   132   128   124   116
122   136   145   158   176   200   240   255   255   235   189   163   145   130   122   114
141   162   174   188   204   224   254   255   255   245   209   183   156   129   119   114
153   176   185   194   205   220   241   255   253   233   211   190   164   133   116   111
154   177   185   195   208   223   237   242   235   222   207   192   173   147   126   114
156   183   196   209   220   229   232   228   221   211   200   184   170   157   141   123
161   190   200   208   213   215   214   211   209   204   191   173   162   159   152   131
146   166   169   171   172   172   173   175   179   178   166   151   144   145   141   125

141   155   159   167   171   174   175   176   176   176   173   165   152   135   121   112
150   165   171   184   194   200   202   204   206   207   203   195   181   157   135   120
147   161   168   183   196   201   200   200   205   208   205   199   185   156   133   118
146   162   168   180   192   197   196   195   199   201   199   194   176   145   125   115
142   161   168   174   182   189   191   191   191   192   191   184   162   134   121   114
135   156   169   176   180   183   189   194   191   184   179   168   145   125   119   115
123   142   158   169   174   176   186   201   195   174   158   145   130   121   120   115
115   125   134   144   153   161   175   192   186   158   136   124   119   118   117   113
114   121   126   134   145   156   171   188   184   156   136   127   123   120   117   112
129   144   151   158   166   172   183   199   196   173   158   151   141   129   123   116
156   178   180   182   184   187   195   206   204   192   183   176   157   132   122   118
170   191   188   188   193   201   211   219   218   211   204   196   173   138   119   114
171   194   197   206   217   228   236   237   232   224   215   205   188   159   133   119
178   208   219   234   245   251   252   247   237   227   215   203   195   182   162   138
191   227   237   246   250   252   252   247   237   225   211   198   193   193   187   158
174   202   205   208   208   209   209   206   198   188   178   170   168   171   170   147